0.833333 0 0 0 0 
0.655864 7.48224e-020 0 0 0 
0.0688253 3.64369e-032 7.11829e-051 0 0 
0.0072224 3.82363e-033 3.46645e-063 6.78662e-082 0 
0.000378953 4.01245e-034 3.63764e-064 3.30494e-094 1.95768e-083 
0.00029825 3.4025e-023 3.81727e-065 3.46814e-095 1.95768e-113 
0.000234734 2.6779e-023 3.237e-054 3.63941e-096 4.33518e-126 
0.000184744 2.1076e-023 2.54764e-054 3.08618e-085 4.54926e-127 
0.000145401 1.65876e-023 2.00509e-054 2.42893e-085 3.85772e-116 
0.000114436 1.30551e-023 1.57808e-054 1.91166e-085 3.03617e-116 
9.00651e-005 1.02748e-023 1.24201e-054 1.50455e-085 2.38958e-116 
7.08846e-005 8.08667e-024 9.77504e-055 1.18414e-085 1.88069e-116 
5.57888e-005 6.36451e-024 7.69332e-055 9.31958e-086 1.48017e-116 
4.39079e-005 5.0091e-024 6.05493e-055 7.33486e-086 1.16495e-116 
3.45571e-005 3.94235e-024 4.76545e-055 5.7728e-086 9.16857e-117 
2.71977e-005 3.10278e-024 3.75059e-055 4.54341e-086 7.216e-117 
2.14056e-005 2.442e-024 2.95185e-055 3.57583e-086 5.67926e-117 
1.6847e-005 1.92194e-024 2.32322e-055 2.81431e-086 4.46979e-117 
3.72024e-028 9.35945e-007 1.82846e-025 5.33735e-073 3.51789e-117 
8.21523e-051 8.46903e-007 8.90419e-008 4.20069e-043 6.67169e-104 
1.81413e-073 7.66332e-007 1.61123e-007 2.04565e-025 5.25087e-074 
4.00605e-096 6.93427e-007 2.18667e-007 3.70164e-025 2.55706e-056 
8.84636e-119 6.27457e-007 2.63789e-007 5.02366e-025 4.62706e-056 
1.9535e-141 5.67763e-007 2.98333e-007 6.06029e-025 6.27957e-056 
4.31382e-164 5.13749e-007 3.23904e-007 6.8539e-025 7.57536e-056 
9.52599e-187 4.64873e-007 3.41899e-007 7.44137e-025 8.56737e-056 
2.10358e-209 4.20647e-007 3.53528e-007 7.85478e-025 9.30171e-056 
4.64522e-232 3.80628e-007 3.59841e-007 8.12195e-025 9.81848e-056 
1.02578e-254 3.44417e-007 3.61745e-007 8.26698e-025 1.01524e-055 
2.26518e-277 3.1165e-007 3.60023e-007 8.31072e-025 1.03337e-055 
5.00209e-300 2.82001e-007 3.55347e-007 8.27115e-025 1.03884e-055 
1.08694e-322 2.55173e-007 3.48296e-007 8.16373e-025 1.03389e-055 
0 2.30897e-007 3.39366e-007 8.00175e-025 1.02047e-055 
0 2.0893e-007 3.28977e-007 7.79658e-025 1.00022e-055 
0 1.89054e-007 3.17489e-007 7.55791e-025 9.74572e-056 
0 1.71068e-007 3.05205e-007 7.29398e-025 9.44738e-056 
0 1.54793e-007 2.92381e-007 7.01177e-025 9.11747e-056 
0 1.40067e-007 2.79232e-007 6.71716e-025 8.76471e-056 
0 1.26741e-007 2.65935e-007 6.41506e-025 8.39645e-056 
0 1.14684e-037 3.27715e-019 1.26772e-008 8.01883e-056 
0 1.03773e-067 2.96471e-049 5.54628e-009 4.76444e-023 
0 9.39006e-098 2.68205e-079 2.4265e-009 2.08444e-023 
0 8.49673e-128 3.14738e-091 1.06159e-009 3.03312e-040 
0 7.68839e-158 3.69345e-103 4.64446e-010 1.32699e-040 
0 6.95695e-188 4.33425e-115 2.03195e-010 5.80558e-041 
0 6.29509e-218 3.92102e-145 8.88979e-011 7.63664e-025 
0 5.6962e-248 3.54719e-175 3.88929e-011 3.34103e-025 
0 5.15429e-278 3.209e-205 8.96603e-023 2.24382e-012 
0 4.66393e-308 2.90305e-235 2.06695e-034 1.03561e-012 
0 0 2.62627e-265 1.80858e-064 2.38987e-013 
0 0 2.37588e-295 1.58251e-094 5.51507e-014 
0 0 0 3.64819e-106 2.54542e-014 
0 0 0 8.41023e-118 1.17481e-014 
0 0 0 1.93882e-129 5.42219e-015 
0 0 0 4.4696e-141 2.50255e-015 
0 0 0 3.9109e-171 7.70016e-016 
