6.21167e-018 0 0 0 0 
7.89248e-018 0 0 0 0 
7.52107e-017 6.01955e-304 0 0 0 
7.16714e-016 6.65243e-274 0 0 0 
1.36597e-014 7.35185e-244 0 0 0 
1.73559e-014 5.02722e-226 0 0 0 
2.20522e-014 3.43763e-208 0 0 0 
2.80192e-014 2.35066e-190 8.71546e-313 0 0 
3.56009e-014 1.60739e-172 9.63396e-283 0 0 
4.52341e-014 1.09914e-154 1.06493e-252 0 0 
5.74739e-014 7.51594e-137 1.17716e-222 0 0 
7.30257e-014 5.13942e-119 1.30122e-192 0 0 
9.27856e-014 3.51435e-101 1.43835e-162 0 0 
1.17892e-013 2.40313e-083 1.58994e-132 0 0 
1.49793e-013 1.64326e-065 1.7575e-102 0 0 
1.90325e-013 1.12367e-047 1.94272e-072 0 0 
2.41824e-013 7.68369e-030 2.14746e-042 0 0 
3.07259e-013 5.25413e-012 2.37377e-012 0 0 
3.22622e-013 5.53066e-012 2.62394e-012 0 0 
3.37815e-013 5.8072e-012 2.90047e-012 0 0 
3.52631e-013 6.08066e-012 3.20615e-012 1.21164e-310 0 
3.66824e-013 6.34736e-012 3.54404e-012 5.74657e-294 0 
3.80097e-013 6.60283e-012 3.91754e-012 2.72548e-277 0 
3.921e-013 6.84175e-012 4.3304e-012 1.29264e-260 0 
4.02419e-013 7.0578e-012 4.78678e-012 6.1307e-244 0 
4.10565e-013 7.24353e-012 5.29125e-012 2.90766e-227 0 
4.15967e-013 7.39016e-012 5.84889e-012 1.37904e-210 0 
4.17957e-013 7.4874e-012 6.46529e-012 6.5405e-194 0 
4.15757e-013 7.52323e-012 7.14666e-012 3.10202e-177 0 
4.08464e-013 7.48363e-012 7.89983e-012 1.47122e-160 0 
3.95027e-013 7.35234e-012 8.73238e-012 6.9777e-144 0 
3.74236e-013 7.11049e-012 9.65267e-012 3.30938e-127 0 
3.44691e-013 6.73625e-012 1.067e-011 1.56957e-110 0 
3.0478e-013 6.20445e-012 1.17944e-011 7.44412e-094 0 
2.52646e-013 5.48604e-012 1.30374e-011 3.53059e-077 8.70087e-301 
1.86161e-013 4.54764e-012 1.44114e-011 1.67448e-060 8.70087e-271 
1.02878e-013 3.35089e-012 1.59302e-011 7.94172e-044 8.70087e-241 
3.0503e-025 1.85181e-012 1.76091e-011 3.76659e-027 8.70087e-211 
5.37486e-073 5.49054e-024 1.94649e-011 1.78641e-010 8.70087e-181 
1.22854e-072 9.67475e-042 4.44912e-011 4.08323e-010 8.70087e-151 
3.64258e-054 2.21137e-041 1.01694e-010 9.3331e-010 2.8939e-137 
8.32589e-054 6.55664e-023 2.32444e-010 2.13328e-009 9.6251e-124 
1.90306e-053 1.49866e-022 5.313e-010 4.87607e-009 9.6251e-094 
3.35334e-071 3.42551e-022 1.2144e-009 1.11453e-008 9.6251e-064 
3.82844e-082 6.036e-040 2.77577e-009 2.5475e-008 9.6251e-034 
8.29495e-082 6.89119e-051 6.34462e-009 5.82285e-008 3.2013e-020 
1.36431e-099 1.49309e-050 7.24353e-020 1.33094e-007 1.06475e-006 
5.91201e-099 2.45576e-068 1.56943e-019 2.8837e-007 2.30696e-006 
3.80209e-080 1.06416e-067 2.58132e-037 6.24801e-007 4.99841e-006 
8.14336e-080 6.07467e-049 1.11857e-036 2.70747e-006 2.16598e-005 
1.58429e-079 1.31618e-048 6.38526e-018 1.17324e-005 9.3859e-005 
3.43262e-079 2.85172e-048 1.38347e-017 2.54202e-005 0.000203361 
4.23435e-097 6.17872e-048 2.99752e-017 5.5077e-005 0.000440616 
1.37617e-096 7.62184e-066 6.49464e-017 0.000119333 0.000954668 
5.96338e-096 2.4771e-065 8.01153e-035 0.000258556 0.00206845 
4.95736e-092 1.07341e-064 2.60375e-034 0.000840307 0.00672245 
5.24691e-062 3.48858e-064 1.12829e-033 0.002731 0.021848 
1e-060 1e-060 3.66695e-033 0.0118343 0.0946746 
1e-030 1e-030 1e-030 0.0384615 0.307692 
1 1 1 1 1 
